12769.218982
17512.682470
19314.299186
19846.925600
19551.806927
19898.865774
19406.617606
19663.201873
19918.550119
20154.820499
20242.199558
20463.446283
20282.538796
19621.764857
20120.668446
19891.374276
20602.087224
19764.111177
20158.821672
20213.502898
20315.129481
20321.086566
20227.258287
20296.731919
20153.256626
20189.250723
20085.947785
20024.142050
19743.402095
20097.292474
20169.806539
19931.161675
20014.556995
19815.950332
19987.712215
19973.106345
20313.958384
20137.788686
20127.346960
19975.499978
20433.327887
20082.268405
20216.259585
