12213.215593
17762.854827
19038.676686
19803.749278
19407.813570
19551.111487
19153.179446
19440.034817
19956.500692
18756.292112
18779.631096
19285.684161
19703.647750
19351.424491
19889.499245
19802.041571
20018.105642
19943.104497
19878.584575
20159.826403
19912.356786
19921.240079
19915.537913
19984.415524
19878.224243
19847.642221
19472.184729
19980.718970
19815.785317
20142.645563
20237.096215
19200.850911
20047.269280
20103.552323
19879.501169
20121.465302
20279.568403
20158.757157
20276.300309
20128.671856
20027.012299
20313.805471
20305.999638
20243.405019
12213.215593
17762.854827
19038.676686
19803.749278
19407.813570
19551.111487
19153.179446
19440.034817
19956.500692
18756.292112
18779.631096
19285.684161
19703.647750
19351.424491
19889.499245
19802.041571
20018.105642
19943.104497
19878.584575
20159.826403
19912.356786
19921.240079
19915.537913
19984.415524
19878.224243
19847.642221
19472.184729
19980.718970
19815.785317
20142.645563
20237.096215
19200.850911
20047.269280
20103.552323
19879.501169
20121.465302
20279.568403
20158.757157
20276.300309
20128.671856
20027.012299
20313.805471
20305.999638
20243.405019
