15755.291555
18356.078681
18511.770554
18424.077767
18754.145592
18162.176420
17867.911447
17571.501121
18526.891901
18725.825193
15872.301418
15503.571830
14551.584292
11452.930718
9851.928391
17972.349228
17649.342766
17222.662702
17916.168666
18633.442630
19038.656477
18795.373694
18673.855449
16298.576953
18989.216750
19130.415934
18999.202499
18354.204604
19363.320061
18975.244348
18933.692569
18436.300562
18639.815513
18342.938688
16804.862335
19270.152161
19264.086106
19123.328815
18722.119539
18578.274321
18356.081770
19251.697097
19307.808595
19547.590919
18210.724554
19305.253823
19508.513111
18613.241204
19342.028876
19581.762979
18950.782020
19545.753081
