19021.897552
19768.031746
19639.645057
17581.274773
17763.793453
18007.330592
17934.227982
17819.454756
17871.030027
17757.205747
17848.736644
17871.167121
17599.210368
17724.027035
17827.629842
17910.089691
17810.290386
17842.831155
17562.403779
17866.429985
17752.165890
17617.683319
18150.301030
17875.059717
17796.530510
18392.499876
17854.492559
17955.220364
17699.783435
17578.148656
17861.779573
17699.893534
17759.630808
16916.810604
17715.296621
17961.433380
17907.616091
17944.966706
18027.495468
18209.104676
18002.705856
17570.182702
17821.392611
17795.583612
17688.030029
17976.696702
17476.850128
17934.345463
18033.575758
17900.222856
17682.399860
17882.352293
17970.550259
17981.739358
17470.155035
