6794.887259
7353.966812
7605.691422
7608.565345
7608.053657
7608.711402
7614.709986
7608.994461
7604.962165
7611.542950
7613.193276
7612.127300
7614.704199
7610.080717
7617.470350
7202.587436
7547.907380
7536.886027
7545.901103
7542.191070
7540.655015
7538.351641
7539.664719
7538.720027
7544.076914
7540.633631
7534.542759
7537.453625
7565.995090
7560.664178
7564.496136
7568.936353
7571.330581
7569.874136
6135.211840
870.986106
1161.525721
1272.987898
1166.645601
1062.826647
1056.631512
1180.848223
942.899060
912.985342
743.368924
796.803132
910.412163
1342.588490
1265.918088
1399.189016
1466.939603
1333.323765
1096.367578
1252.907958
1255.014532
1104.273858
1161.408726
1186.156928
1176.058446
957.725687
1170.957764
1351.616332
1480.010271
1036.822873
1593.373744
1779.625885
1838.425329
2566.501901
3026.864723
4037.336775
5873.401254
7334.121592
7454.216376
7347.027195
7381.947101
7542.375529
7502.084618
7240.781719
7512.341821
7559.043161
7555.780799
7563.826123
7069.041000
7501.398898
7552.736334
7568.707227
7510.178762
6569.955863
6666.249020
4729.696139
1395.146620
1328.910485
1368.409483
1185.912422
1185.386901
901.315725
1085.595873
1052.291378
983.813663
845.374713
809.911496
909.778434
1217.168991
1065.606293
1679.345064
1701.921330
1842.580397
2712.638289
3888.517765
5189.522003
6859.611238
7413.557411
7531.834322
7524.620105
7610.078541
7617.585093
7508.067768
7573.434477
7437.439098
7346.008289
8317.644213
7456.105484
7582.547777
7524.994901
8957.707352
9588.033795
9581.175013
9555.447389
9565.393870
2194.221938
1408.618149
1371.070603
1184.747873
1182.534740
879.648941
934.977404
984.576265
1014.507698
1138.325408
832.508352
1267.796014
1482.805155
1251.357077
1507.413063
1422.296524
1808.509813
2155.756376
2752.881612
3906.493941
5734.360584
6175.553736
6887.266675
7019.924065
6971.931842
7272.873547
7512.744138
7532.854426
7542.130430
7476.904856
7546.778849
7516.314745
7513.773272
7527.735889
7523.612030
5230.860404
7554.049912
7560.717017
7555.782749
7561.319141
6618.951463
7347.316332
9107.784566
7467.550095
6936.966994
4267.674248
7088.086601
8481.199036
9018.737131
8575.144578
2544.557435
1479.885244
1283.521354
1319.548195
1151.599399
1071.358189
1061.865392
1154.136001
1105.827080
1205.832655
1133.000174
678.200478
1153.128464
1210.018906
1443.847238
1168.670502
1679.072643
2143.612932
2891.891158
3909.329941
5386.787306
6326.975363
7278.814157
8741.014547
8614.353398
8556.892252
9188.491876
9082.909425
9086.284700
