SORRB, 1, 50, 431, 19, 1.200000
SORRB, 1, 100, 1611, 19, 1.200000
SORRB, 1, 150, 1808, 19, 1.200000
SORRB, 1, 200, 3135, 19, 1.200000
SORRB, 1, 250, 4876, 19, 1.200000
SORRB, 1, 300, 6997, 19, 1.200000
SORRB, 1, 350, 9666, 19, 1.200000
SORRB, 1, 400, 12394, 19, 1.200000
SORRB, 1, 450, 15656, 19, 1.200000
SORRB, 1, 500, 19390, 19, 1.200000
SORRB, 1, 550, 23782, 19, 1.200000
SORRB, 1, 600, 27815, 19, 1.200000
SORRB, 1, 650, 32635, 19, 1.200000
SORRB, 1, 700, 37827, 19, 1.200000
SORRB, 1, 750, 44156, 19, 1.200000
SORRB, 1, 800, 37910, 19, 1.200000
SORRB, 1, 850, 41831, 19, 1.200000
SORRB, 1, 900, 46887, 19, 1.200000
SORRB, 1, 950, 53314, 19, 1.200000
SORRB, 1, 1000, 57827, 19, 1.200000
SORRB, 2, 50, 377, 19, 1.200000
SORRB, 2, 100, 1034, 19, 1.200000
SORRB, 2, 150, 1815, 19, 1.200000
SORRB, 2, 200, 1860, 19, 1.200000
SORRB, 2, 250, 2111, 19, 1.200000
SORRB, 2, 300, 4055, 19, 1.200000
SORRB, 2, 350, 5465, 19, 1.200000
SORRB, 2, 400, 6937, 19, 1.200000
SORRB, 2, 450, 8710, 19, 1.200000
SORRB, 2, 500, 10788, 19, 1.200000
SORRB, 2, 550, 13583, 19, 1.200000
SORRB, 2, 600, 15366, 19, 1.200000
SORRB, 2, 650, 18010, 19, 1.200000
SORRB, 2, 700, 16139, 19, 1.200000
SORRB, 2, 750, 24332, 19, 1.200000
SORRB, 2, 800, 27632, 19, 1.200000
SORRB, 2, 850, 30622, 19, 1.200000
SORRB, 2, 900, 34285, 19, 1.200000
SORRB, 2, 950, 38907, 19, 1.200000
SORRB, 2, 1000, 42323, 19, 1.200000
SORRB, 4, 50, 218, 19, 1.200000
SORRB, 4, 100, 447, 19, 1.200000
SORRB, 4, 150, 740, 19, 1.200000
SORRB, 4, 200, 1057, 19, 1.200000
SORRB, 4, 250, 1899, 19, 1.200000
SORRB, 4, 300, 2117, 19, 1.200000
SORRB, 4, 350, 2877, 19, 1.200000
SORRB, 4, 400, 3615, 19, 1.200000
SORRB, 4, 450, 4531, 19, 1.200000
SORRB, 4, 500, 5540, 19, 1.200000
SORRB, 4, 550, 6751, 19, 1.200000
SORRB, 4, 600, 8013, 19, 1.200000
SORRB, 4, 650, 9161, 19, 1.200000
SORRB, 4, 700, 10592, 19, 1.200000
SORRB, 4, 750, 12291, 19, 1.200000
SORRB, 4, 800, 13714, 19, 1.200000
SORRB, 4, 850, 15454, 19, 1.200000
SORRB, 4, 900, 17301, 19, 1.200000
SORRB, 4, 950, 20148, 19, 1.200000
SORRB, 4, 1000, 21236, 19, 1.200000
SORRB, 8, 50, 335, 19, 1.200000
SORRB, 8, 100, 405, 19, 1.200000
SORRB, 8, 150, 540, 19, 1.200000
SORRB, 8, 200, 723, 19, 1.200000
SORRB, 8, 250, 960, 19, 1.200000
SORRB, 8, 300, 1336, 19, 1.200000
SORRB, 8, 350, 1702, 19, 1.200000
SORRB, 8, 400, 2069, 19, 1.200000
SORRB, 8, 450, 2461, 19, 1.200000
SORRB, 8, 500, 3026, 19, 1.200000
SORRB, 8, 550, 3642, 19, 1.200000
SORRB, 8, 600, 4186, 19, 1.200000
SORRB, 8, 650, 4838, 19, 1.200000
SORRB, 8, 700, 5562, 19, 1.200000
SORRB, 8, 750, 6463, 19, 1.200000
SORRB, 8, 800, 7164, 19, 1.200000
SORRB, 8, 850, 8055, 19, 1.200000
SORRB, 8, 900, 8990, 19, 1.200000
SORRB, 8, 950, 10166, 19, 1.200000
SORRB, 8, 1000, 11048, 19, 1.200000
SORRB, 16, 50, 503, 19, 1.200000
SORRB, 16, 100, 549, 19, 1.200000
SORRB, 16, 150, 582, 19, 1.200000
SORRB, 16, 200, 874, 19, 1.200000
SORRB, 16, 250, 1126, 19, 1.200000
SORRB, 16, 300, 1537, 19, 1.200000
SORRB, 16, 350, 1943, 19, 1.200000
SORRB, 16, 400, 1356, 19, 1.200000
SORRB, 16, 450, 1759, 19, 1.200000
SORRB, 16, 500, 1920, 19, 1.200000
SORRB, 16, 550, 2252, 19, 1.200000
SORRB, 16, 600, 2549, 19, 1.200000
SORRB, 16, 650, 2912, 19, 1.200000
SORRB, 16, 700, 3230, 19, 1.200000
SORRB, 16, 750, 3788, 19, 1.200000
SORRB, 16, 800, 4130, 19, 1.200000
SORRB, 16, 850, 4614, 19, 1.200000
SORRB, 16, 900, 5034, 19, 1.200000
SORRB, 16, 950, 5683, 19, 1.200000
SORRB, 16, 1000, 6164, 19, 1.200000
SORRB, 32, 50, 905, 19, 1.200000
SORRB, 32, 100, 953, 19, 1.200000
SORRB, 32, 150, 1013, 19, 1.200000
SORRB, 32, 200, 1131, 19, 1.200000
SORRB, 32, 250, 1374, 19, 1.200000
SORRB, 32, 300, 1467, 19, 1.200000
SORRB, 32, 350, 1639, 19, 1.200000
SORRB, 32, 400, 2165, 19, 1.200000
SORRB, 32, 450, 2131, 19, 1.200000
SORRB, 32, 500, 2352, 19, 1.200000
SORRB, 32, 550, 2791, 19, 1.200000
SORRB, 32, 600, 3219, 19, 1.200000
SORRB, 32, 650, 3544, 19, 1.200000
SORRB, 32, 700, 3941, 19, 1.200000
SORRB, 32, 750, 4442, 19, 1.200000
SORRB, 32, 800, 4840, 19, 1.200000
SORRB, 32, 850, 5253, 19, 1.200000
SORRB, 32, 900, 5917, 19, 1.200000
SORRB, 32, 950, 6420, 19, 1.200000
SORRB, 32, 1000, 7131, 19, 1.200000
